7258
95947 5837
25633 88689 3005
73774 93769 50245 3134
67939 5540 45177 73903 401
14307 74906 43200 98517 6906 7085
64065 82298 29509 7634 91842 25358 6058
87485 67594 40396 68477 67581 37238 60457 7155
8101 29957 61976 1404 41601 45331 23865 15773 9399
85383 21399 2036 58811 6447 1231 50051 2742 30305 5962
40969 22310 62706 95562 287 72488 15600 24777 49391 99891 1945
46516 23849 77086 12655 82937 92924 91762 25309 72913 30826 96818 3058
68344 78719 33210 46742 1674 56634 15499 5183 43283 33276 52017 35282 8235
42584 62239 78178 16067 34113 42548 88335 5683 11758 67072 3414 22308 48653 7217
57289 31058 46192 20707 95229 53268 72765 9854 17442 82334 51059 92765 47347 61966 4185
26051 87750 2723 1710 55322 48907 95546 24585 99296 82403 44542 17839 1269 88718 6430 670
4686 62702 91377 73527 56901 26667 51857 92742 12643 70799 49264 5294 81016 23092 34334 85227 3984
99067 92639 22685 32050 69038 40991 30370 84153 56822 62911 31020 88341 59748 20769 82337 76060 58879 2660
62787 59997 61082 49076 37139 1906 68424 92796 40071 53793 23634 47563 95266 42380 45235 1597 79833 91898 1866
40564 26969 64870 81543 68444 56374 18770 96807 8365 95177 39576 92615 19494 12143 9563 8431 900 93002 60712 8345
23811 13843 21996 48855 76249 1943 45886 18200 86846 12289 50610 14179 53003 41408 23741 99278 22657 10257 11797 82902 7171
44903 85528 79084 6485 77660 59830 1860 36092 8918 87788 87769 80617 77958 83804 17090 42692 74390 614 78645 34992 44810 4946
31825 28615 13079 63471 6405 16750 93143 65979 41432 34086 36419 49249 35057 73070 62592 47945 22662 88499 60807 26995 35579 54685 3625
42023 58054 59181 55456 71009 66708 6921 70630 57522 93141 40032 79883 65587 89307 19587 99412 70118 56528 29774 42696 93495 22708 13063 9169
52767 25309 36237 92371 89405 18526 3379 13674 48253 93381 80218 54141 61901 87852 3472 46974 40819 80761 66263 87479 23686 89518 99711 39628 703
94277 20911 62218 95723 64006 98534 11852 83129 97980 72250 64121 12558 43589 70138 40119 83639 22039 89914 36892 57948 56989 15922 58908 25253 99289 3195
85486 98023 31255 55389 69523 28718 1264 36297 60851 12125 26348 58006 95834 5074 28114 66732 99230 95811 43790 56921 53951 3536 18125 37568 1573 69420 6599
44459 93611 32150 8988 85557 79806 6552 9259 53382 51447 86801 3730 98553 41522 81738 71580 72358 68561 80284 25596 51224 68228 87549 65006 53278 38714 56285 790
91937 57800 61505 99496 25000 33742 96721 60987 20343 16715 69400 69825 11336 98784 33237 4285 29212 30115 23286 85020 75293 62997 72840 40004 27577 29911 69639 23177 9031
99953 80198 78262 71260 43310 64008 30200 58238 69153 63208 93506 57042 11596 46845 54265 77304 93370 46920 63031 18499 73457 17453 47011 32080 14482 58146 37094 24632 51049 9788
2520 53902 88032 26840 82651 74760 75502 33765 33826 26793 73203 85610 9237 65296 26725 40686 60581 82150 63003 70853 5039 12562 92761 68770 19436 36058 46967 32840 40492 4496 2655
12917 69057 67926 3845 97312 26139 79203 90374 58998 90020 23473 37054 81886 41545 73314 52204 78473 61430 59503 29658 30785 64564 86683 94337 67477 44656 91999 50657 70969 53866 24759 2100
12053 59098 83370 83043 68548 18407 36972 62281 48554 53978 64538 53208 80440 69514 41601 64838 47903 44628 47507 72635 43298 99367 66006 36819 7432 79701 87806 68001 58283 5096 13829 91126 4463
33679 23633 90424 49145 46381 46169 31883 50119 26287 29890 92674 53043 65166 49711 34805 75871 43674 77205 91393 42774 10392 10804 23918 26776 8237 37049 35553 29231 3165 53432 77248 75128 77426 24
63737 46363 45325 94402 87259 92516 63778 29173 83977 79261 11970 30014 47568 68026 97169 27211 45246 48052 38016 73638 50749 31056 8482 36098 59248 71348 19899 13449 79112 39406 95461 48783 40291 37412 1730
79756 63293 55435 20906 80223 23645 49249 5873 14899 72221 69223 71975 15915 51284 35945 16697 83319 35261 64732 79761 8762 37571 80444 1295 50162 37016 86145 27193 94955 47948 87695 36957 31509 4263 50646 450
49203 75217 76213 31876 32810 40361 57021 63249 63009 23231 15663 92822 45753 90051 85193 31000 73039 86619 34879 27184 30519 76169 27804 22229 21581 39387 93153 39428 96242 85323 84650 26993 82921 53075 43250 27545 7148
42450 75099 69416 82654 4894 30133 68001 31691 62118 94504 29573 82197 42540 39540 88410 22750 18825 37046 7147 81034 94361 22467 57403 98514 68891 53145 56233 64423 44359 44487 97024 41179 35147 41402 69311 5768 35046 6346
46187 43928 96245 83519 74668 56243 57550 95580 63483 2500 74351 34804 52103 87024 16503 25711 30345 40340 27233 71293 30571 94588 85445 84197 53841 52159 52692 26144 88166 38948 40964 16569 3408 54694 35485 98671 9360 15241 6010
83814 29368 40011 84109 93160 59928 67330 62481 18519 72732 94840 99636 53516 30768 96156 51551 53587 3344 78537 90289 96236 50364 66225 80760 42541 91989 59575 56201 39073 58121 59948 51747 60889 76087 5533 99773 1694 73470 97634 510
51708 44940 12542 14682 42322 44486 59749 4733 11844 97324 14716 21406 26869 2437 89850 41931 52178 24156 64723 96350 99734 84457 51822 99473 27286 99773 57739 55195 34793 2135 94036 89650 75748 30018 40949 72203 9300 63271 22824 58883 3640
95792 77292 97586 10002 51220 94475 46815 97978 12243 93437 60375 39605 72292 93527 64988 49536 90151 28295 38146 72055 46984 23271 84956 53748 54667 23086 99196 24036 36650 44906 14704 10182 22206 87714 53271 73923 70184 13379 79830 99880 43822 3563
28560 509 73361 36534 30872 42927 24920 27959 33492 50556 25686 79961 20862 77031 24855 55676 79292 60838 29724 61189 31241 96557 25114 27070 13002 13480 69746 2260 60610 99594 53499 74940 31492 60626 95612 11372 27821 36110 61906 16388 91042 61393 3324
75008 30899 28580 88593 44244 69481 38433 55183 1027 48698 51876 57561 71753 21423 11710 55649 12000 81741 3785 22503 95562 48379 56161 55493 85937 99395 25816 60209 26471 13300 26994 85191 4853 56809 30592 18858 2627 9105 61783 76601 88758 49756 73704 2695
45349 85529 22121 68429 30102 29811 94595 21197 77127 89986 95700 36120 74045 19847 72223 91944 7440 22011 32519 97847 26037 34671 56924 78831 43844 71941 44097 7748 95166 99320 83012 28681 60674 36411 7324 29162 56251 60892 82923 50622 11922 33815 3604 50340 3313
29634 81452 35073 56419 15297 22530 88895 90474 59801 31121 19412 66076 28244 46809 25569 73467 4966 43521 84859 45801 21343 60316 79610 58377 2672 98083 56105 70444 38782 86062 79953 91936 81433 81217 59888 70373 89153 54865 16291 58704 31215 36502 15104 15871 32268 7364
88722 51067 64106 44780 37835 22340 14398 25695 55006 2115 92926 47998 54130 80577 14969 63740 59701 14296 43977 44158 5058 21723 97914 54609 87968 31639 37236 65339 70518 92412 29954 29210 11523 82174 97472 90341 2281 85736 27963 71095 45891 51482 40397 43183 46679 83255 9357
85744 76430 26065 13091 88897 20145 57420 35418 942 33216 36434 70094 44196 70559 25196 48929 92816 81351 87996 26140 78289 86337 24628 98663 95872 54270 80627 734 78684 89278 15345 84805 56708 78570 1275 32395 42285 65023 6637 88335 21977 28772 85527 62081 99746 73479 30809 6546
93525 65677 25246 58881 60814 14821 7202 718 93532 48344 70536 76985 76157 71695 4475 24010 9246 58596 93570 63796 15280 31101 61110 30163 92302 13989 3341 48252 7970 51051 35981 72628 61224 9964 64715 14693 3295 82439 5122 62106 50233 74623 49956 2095 59756 59156 99848 66137 1444
13777 45657 80958 30739 96969 24339 96332 28504 53708 88149 72946 52029 29424 83597 42299 96703 1611 60249 32667 95019 45459 87912 23163 76098 74061 93887 89748 52532 14328 17517 70526 29433 85567 85445 49295 37362 93412 53142 85983 69293 56321 72755 42182 90068 36632 17713 58741 18693 34780 192
